Final Test Results:
loss: 0.873252
auc: 0.533333
accuracy: 0.666667
tpr@fpr=0.01: 0.000000
fpr@tpr=0.99: 1.000000
hter: 1.000000

Best Validation Metrics:
epoch: 18.000000
accuracy: 0.750000
auc: 0.828231
loss: 0.530521
tpr@fpr=0.01: 0.142857
hter: 0.726190
val_loss: 0.530521
