Final Test Results:
loss: 0.788516
auc: 0.606667
accuracy: 0.666667
tpr@fpr=0.01: 0.066667
fpr@tpr=0.99: 0.833333
hter: 0.883333

Best Validation Metrics:
epoch: 22.000000
accuracy: 0.750000
auc: 0.804422
loss: 0.600443
tpr@fpr=0.01: 0.285714
hter: 0.738095
val_loss: 0.600443
