Final Test Results:
loss: 0.446559
auc: 0.857126
accuracy: 0.793558
tpr@fpr=0.01: 0.161660
fpr@tpr=0.99: 0.835250
hter: 0.836795

Best Validation Metrics:
epoch: 0.000000
accuracy: 0.811676
auc: 0.880805
loss: 0.424580
tpr@fpr=0.01: 0.148704
hter: 0.785821
val_loss: 0.424580
