Final Test Results:
loss: 0.000000
auc: 0.000000
accuracy: 0.000000
tpr@fpr=0.01: 0.000000
fpr@tpr=0.99: 0.000000
hter: 0.000000

Best Validation Metrics:
epoch: 3.000000
accuracy: 0.845550
auc: 0.736842
loss: 0.386139
tpr@fpr=0.01: 0.067797
hter: 0.947526
val_loss: 0.386139
